62.20502978
57.43807465
59.85213372
56.26875545
58.46912605
61.74321686
57.8691089
57.95635592
61.4901492
65.21124
63.20743075
56.97197055
60.67183453
60.21472612
62.27389211
63.11862551
55.21116863
63.16379001
64.03160747
56.60294246
58.14914391
64.89588425
57.94757413
60.72546302
53.95402101
59.47197168
59.33371346
58.51866559
61.3933971
62.69992884
64.0581649
62.2309856
63.51653047
61.9900174
63.28992799
53.37131917
63.4834674
57.24824825
58.51559403
58.82584209
59.14273152
59.77914488
59.27987503
51.78975385
61.62875473
56.00505052
60.39144004
57.19166562
57.02270355
64.31560722
63.95369628
62.82989763
62.84962027
61.99976645
61.43268304
60.10738898
63.05897886
60.16651179
62.74235752
58.09017574
60.3366213
58.96670786
62.19978318
65.21852606
64.80880138
59.61394168
60.27993442
62.23021765
57.22934263
56.83882013
63.5821628
61.1230396
55.55767829
61.59910977
58.46349097
59.28873051
59.00566212
55.36230717
54.16790773
56.75896157
59.65321738
58.15469602
61.67032991
54.96794573
62.19473923
57.38518695
57.68194376
58.11802949
61.05998876
56.96502793
58.10530961
58.77905363
62.02074999
61.54134423
58.98069407
58.62557696
62.39361961
58.76686541
64.13521248
56.91373475
63.97412828
60.62064138
64.55897201
53.63293046
62.86387277
66.59400892
56.25100611
54.45639646
59.14431684
61.03399095
60.8158624
66.94469194
61.03983422
59.88488448
60.04857571
59.50113098
62.20930991
62.63476752
62.18295816
59.40279505
66.44940514
62.56844944
60.22321057
58.99101474
63.14508055
58.38686167
60.96558753
59.43016914
